2.186
2.207
2.109
2.13
2.125
2.124
2.128
2.131
2.138
2.198
2.274
0.0
2.39
2.33
2.08
2.037
2.025
2.382
2.509
4.304
2.493
2.143
2.09
2.06
2.04
2.016
2.004
1.987
1.974
1.956
1.946
1.936
1.93
1.923
1.914
1.903
1.895
1.888
1.884
1.887
1.876
1.867
1.866
1.866
1.863
1.853
1.855
1.855
0.358
0.355
0.358
0.353
0.352
0.354
0.368
0.356
0.359
1.857
1.863
1.863
1.875
1.875
1.884
1.878
1.885
1.892
1.897
1.905
1.909
1.919
1.928
1.937
1.947
1.959
1.969
1.985
2.001
2.013
2.036
2.06
2.084
2.128
2.228
3.878
3.885
3.912
3.981
4.009
0.002
0.002
3.752
3.715
3.683
3.66
3.662
3.676
3.692
3.821
4.238
4.02
3.996
3.76
4.233
3.827
3.687
3.697
0.0
4.099
0.0
0.0
0.002
3.558
3.577
3.573
3.641
0.0
0.0
0.0
0.0
0.0
3.339
3.337
3.332
3.332
3.329
3.326
3.326
3.324
3.324
3.323
1.777
1.9
1.879
1.853
1.841
1.827
1.815
1.802
1.789
1.739
1.583
1.555
1.555
1.561
1.568
1.571
1.573
1.584
1.588
1.597
1.593
1.598
1.604
1.611
1.599
1.556
1.533
1.527
1.527
1.533
1.543
1.537
1.553
1.561
1.569
1.563
1.568
1.597
1.6
1.6
1.608
1.619
1.626
1.633
1.643
1.659
1.683
1.783
1.822
1.836
1.873
3.731
3.727
3.75
3.874
3.895
3.897
3.911
3.909
3.921
3.919
3.929
3.928
3.929
3.94
3.939
3.645
3.461
3.455
3.482
3.504
3.48
0.002
0.002
0.0
0.002
0.0
0.0
0.002
0.0
0.0
0.0
0.0
0.0
0.0
0.0
3.651
3.643
3.671
3.67
3.671
3.679
3.682
3.683
3.685
3.683
3.692
3.696
3.7
3.706
3.713
3.716
3.719
3.725
3.731
3.742
3.751
3.75
3.881
4.142
3.757
0.0
0.0
0.0
0.0
0.0
0.0
0.0
0.0
0.0
0.0
0.0
0.0
0.0
0.0
4.017
3.76
3.837
4.38
4.405
4.405
4.423
4.429
4.437
4.455
4.45
4.476
4.477
4.497
4.505
4.51
4.527
4.532
4.55
4.566
4.579
4.59
4.608
4.624
4.635
4.767
0.0
0.0
0.0
0.0
0.0
4.458
4.443
0.0
4.056
4.035
0.0
0.0
0.0
0.0
0.0
0.0
0.0
0.0
0.0
0.0
0.0
0.0
0.0
0.0
0.0
0.0
0.0
0.0
0.0
0.0
0.0
0.0
0.0
0.0
0.0
0.0
0.0
0.0
0.002
5.233
5.251
5.283
5.301
5.362
5.37
5.395
5.428
5.465
5.474
5.425
0.002
0.0
0.0
0.0
6.299
6.255
6.171
6.07
6.061
5.966
5.92
5.905
5.969
5.918
5.897
5.887
5.873
5.838
5.791
5.778
5.764
5.738
5.71
5.676
5.661
5.64
5.613
5.571
5.567
5.548
5.531
5.565
5.672
6.025
6.056
6.047
6.052
6.067
6.138
6.346
6.419
6.483
6.581
6.735
6.895
6.986
7.104
7.176
7.195
7.212
7.223
7.332
7.657
7.669
7.633
7.589
7.466
8.679
8.73
0.0
0.0
0.0
0.0
8.992
8.996
0.0
9.36
9.365
9.453
9.504
0.0
0.0
0.0
0.0
0.0
0.0
0.0
0.0
8.938
0.0
6.936
6.844
6.787
6.73
6.705
6.689
6.671
6.671
6.683
0.0
0.0
0.0
0.0
0.0
0.0
0.0
0.0
0.0
0.0
0.0
0.0
0.0
0.0
0.0
0.0
0.0
0.0
0.0
2.949
2.942
2.953
2.942
2.929
2.915
2.896
2.882
2.87
2.86
2.849
2.838
2.823
2.812
2.805
2.793
2.782
2.771
2.759
2.745
2.739
2.726
2.717
2.705
2.696
2.688
2.681
2.668
2.661
2.653
2.642
2.639
2.625
2.623
2.611
2.602
2.593
2.583
2.578
2.569
2.562
2.56
2.547
2.549
2.531
2.527
2.519
2.512
2.503
2.503
2.494
2.49
2.492
2.482
2.472
2.468
2.46
2.451
2.454
2.441
2.442
2.435
2.434
2.424
2.415
2.409
2.415
2.41
2.403
2.406
2.402
2.391
2.386
2.389
2.386
2.377
2.377
2.373
2.366
2.364
2.357
2.352
2.354
2.351
2.354
2.341
2.344
2.34
2.339
2.327
2.334
2.334
2.327
2.334
2.325
2.325
2.324
2.316
2.307
2.309
2.311
2.306
2.304
2.305
2.302
2.308
2.302
2.301
2.308
2.3
2.304
2.3
2.298
2.298
2.299
2.302
2.305
2.302
2.297
2.294
2.303
2.301
2.301
2.296
2.302
2.306
2.305
2.302
2.305
2.309
2.305
2.302
2.302
2.306
2.495
2.855
2.72
2.289
2.49
4.446
4.451
4.452
4.459
4.451
4.46
4.464
4.464
4.473
4.466
4.416
4.419
4.42
4.426
4.428
4.432
4.438
4.438
4.441
4.447
4.45
4.458
4.453
4.46
4.467
4.472
4.478
4.483
4.491
4.491
4.499
4.502
4.45
4.244
4.165
4.186
4.177
4.176
4.217
4.241
4.252
4.258
4.264
4.271
4.247
4.166
4.088
4.024
3.961
3.897
3.839
3.781
3.724
3.662
3.615
3.562
3.522
3.522
3.484
3.427
3.389
3.392
3.408
3.407
3.419
3.424
3.431
3.442
3.447
3.456
3.465
3.474
3.481
3.492
3.507
3.513
3.526
3.539
3.549
3.558
3.572
3.582
3.597
3.608
3.62
3.632
3.651
3.771
3.829
3.845
3.858
3.87
3.885
3.903
3.911
3.92
3.941
3.957
3.982
4.0
4.016
4.026
4.04
4.058
4.075
4.09
4.115
4.13
4.149
4.176
4.203
4.218
4.244
4.256
4.28
4.307
4.321
4.346
4.371
4.394
4.407
4.435
4.458
4.488
4.51
4.537
4.553
4.588
4.615
4.636
4.672
4.695
4.722
4.751
4.78
4.809
4.839
4.871
4.9
4.93
4.964
4.997
5.033
5.068
5.099
5.13
5.175
5.204
5.247
5.287
5.318
5.364
5.403
5.449
5.486
5.531
5.572
5.613
5.66
5.705
5.749
5.8
5.845
5.902
5.945
5.997
6.043
6.115
6.171
6.215
6.283
6.325
6.387
6.442
6.489
6.565
6.639
6.707
6.816
6.926
6.993
7.078
7.156
7.236
7.33
7.469
7.653
7.758
7.86
7.947
8.063
8.129
8.237
8.358
8.501
8.669
8.716
8.717
8.728
8.892
9.057
9.185
9.314
9.427
9.638
9.747
0.0
0.0
8.488
8.494
0.0
0.0
0.0
0.0
0.0
0.0
9.598
0.0
0.0
0.0
9.983
9.963
9.957
9.969
9.986
10.0
0.0
0.0
0.0
0.0
0.0
0.0
0.0
