142 -142
139 -141
138 -141
136 -141
135 -142
134 -142
132 -142
131 -142
129 -142
127 -142
126 -142
125 -142
124 -142
122 -142
120 -142
119 -142
117 -142
117 -143
115 -143
114 -142
112 -142
111 -142
110 -142
108 -142
107 -142
106 -143
105 -143
103 -142
102 -142
101 -143
99 -142
97 -141
99 -145
112 -167
115 -173
114 -173
112 -173
111 -173
112 -177
43 -69
112 -182
106 -174
104 -174
103 -174
102 -174
100 -174
99 -174
98 -174
95 -171
93 -171
91 -170
90 -170
89 -171
88 -171
87 -171
86 -171
84 -171
83 -171
82 -171
81 -172
80 -172
78 -171
78 -172
76 -172
75 -172
74 -173
73 -173
72 -172
71 -173
69 -172
68 -172
67 -173
66 -173
65 -173
64 -173
63 -174
61 -173
61 -174
64 -186
68 -202
67 -204
63 -196
59 -187
58 -186
57 -187
56 -187
55 -188
55 -192
55 -199
54 -199
56 -209
22 -85
52 -204
45 -182
43 -178
42 -178
40 -177
48 -216
48 -221
47 -224
50 -246
38 -193
36 -186
34 -184
33 -182
31 -180
30 -179
29 -177
27 -176
26 -175
25 -174
24 -173
23 -172
22 -171
21 -172
19 -170
18 -170
17 -169
16 -169
15 -169
14 -167
13 -167
12 -167
11 -167
10 -168
9 -167
8 -167
7 -166
6 -165
5 -166
4 -165
3 -166
2 -166
1 -166
0 -165
0 -166
0 -165
-1 -165
-2 -165
-3 -167
-4 -166
-5 -166
-6 -167
-7 -166
-8 -167
-9 -167
-10 -167
-11 -168
-12 -168
-13 -168
-14 -170
-15 -170
-16 -170
-17 -170
-19 -171
-20 -171
-21 -173
-22 -174
-23 -175
-24 -176
-25 -177
-27 -178
-28 -179
-29 -181
-31 -182
-32 -185
-34 -188
-36 -194
-69 -359
-72 -359
-75 -368
-79 -375
-93 -428
-92 -410
-93 -404
-95 -403
-97 -402
-100 -402
-101 -397
-103 -393
-106 -398
-108 -396
-106 -378
-104 -366
-105 -360
-109 -364
-110 -360
-113 -363
-118 -372
-104 -323
-106 -321
-108 -321
-106 -308
-104 -298
-106 -297
-107 -296
-109 -295
-111 -295
-111 -290
-113 -290
-114 -289
-115 -286
-117 -285
-118 -283
-119 -282
-122 -283
-123 -282
-125 -282
-128 -284
-310 -675
-8 -19
-9 -19
-9 -20
-10 -20
-9 -20
-10 -20
-10 -20
-10 -19
-10 -19
-10 -19
-10 -19
-10 -18
-10 -18
-10 -18
-10 -18
-10 -18
-10 -17
-10 -17
-10 -17
-10 -17
-10 -17
-10 -17
-10 -16
-10 -16
-10 -16
-10 -16
-10 -16
-10 -15
-10 -15
-10 -15
-10 -15
-10 -15
-10 -15
-10 -14
-10 -14
-10 -14
-10 -14
-10 -14
-10 -14
-10 -14
-10 -13
-10 -13
-11 -13
-11 -13
-11 -13
-11 -13
-11 -13
-11 -13
-11 -12
-11 -12
-11 -12
-11 -12
-10 -12
-11 -12
-11 -11
-11 -12
-11 -11
-11 -11
-11 -11
-11 -11
-11 -11
-11 -11
-11 -11
-11 -10
-11 -11
-11 -10
-11 -10
-11 -10
-11 -10
-11 -10
-11 -10
-11 -10
-11 -10
-11 -10
-11 -9
-11 -9
-11 -9
-11 -9
-11 -9
-12 -9
-11 -9
-11 -9
-11 -9
-11 -9
-11 -8
-12 -9
-12 -8
-11 -8
-11 -8
-12 -8
-11 -8
-12 -8
-12 -8
-12 -8
-12 -8
-12 -8
-12 -8
-12 -7
-12 -7
-12 -7
-12 -7
-12 -7
-12 -7
-12 -7
-12 -7
-11 -6
-11 -6
-12 -6
-12 -6
-12 -7
-12 -6
-12 -6
-12 -6
-12 -6
-12 -6
-12 -6
-12 -6
-12 -6
-12 -5
-12 -5
-12 -6
-13 -6
-12 -5
-12 -5
-13 -5
-12 -5
-12 -5
-12 -5
-13 -5
-12 -5
-12 -5
-12 -5
-12 -4
-13 -5
-13 -4
-13 -4
-13 -4
-13 -4
-12 -4
-13 -4
-13 -4
-13 -4
-13 -4
-13 -4
-13 -4
-13 -4
-13 -4
-13 -3
-13 -3
-13 -3
-13 -3
-13 -3
-13 -3
-13 -3
-13 -3
-13 -3
-14 -3
-13 -3
-13 -3
-13 -2
-14 -2
-13 -2
-13 -2
-13 -2
-13 -2
-14 -2
-14 -2
-13 -2
-14 -2
-13 -2
-13 -2
-14 -1
-13 -1
-14 -1
-14 -1
-14 -1
-13 -1
-13 -1
-13 -1
-13 -1
-14 -1
-13 -1
-14 -1
-13 0
-14 0
-14 0
-14 0
-14 0
-14 0
-14 0
-14 0
-14 0
-13 0
-14 0
-14 0
-14 0
-14 0
-14 0
-14 0
-14 0
-14 0
-13 0
-14 0
-14 0
-13 0
-14 0
-14 0
-14 0
-13 1
-14 1
-15 1
-14 1
-14 1
-14 1
-14 1
-15 1
-14 1
-14 1
-14 1
-15 2
-15 2
-15 2
-14 2
-15 2
-16 2
-14 2
-15 2
-15 2
-15 2
-15 3
-15 3
-15 3
-15 3
-14 3
-15 3
-14 3
-15 3
-15 3
-14 3
-15 4
-15 4
-15 4
-15 4
-14 4
-15 4
-15 4
-16 4
-15 4
-15 4
-15 5
-15 5
-15 5
-15 5
-15 5
-16 5
-15 5
-15 5
-16 6
-16 6
-15 6
-15 6
-15 6
-16 6
-15 6
-273 115
-272 117
-271 118
-271 120
-270 122
-268 123
-266 124
-264 125
-263 126
-261 127
-260 128
-258 129
-256 130
-254 131
-253 132
-251 133
-250 134
-248 135
-247 136
-245 137
-243 138
-241 139
-240 140
-238 141
-237 142
-235 143
-234 144
-232 145
-230 146
-229 147
-227 147
-226 149
-225 149
-223 150
-222 151
-220 152
-219 153
-217 154
-216 155
-214 155
-213 156
-212 157
-210 158
-209 159
-207 160
-206 161
-205 162
-203 162
-202 163
-201 164
-199 165
-198 166
-196 167
-195 168
-194 168
-192 169
-191 170
-190 171
-189 172
-188 173
-186 173
-185 174
-183 175
-182 176
-181 176
-179 177
-178 178
-177 179
-176 180
-174 180
-173 181
-171 182
-170 182
-169 183
-168 184
-167 185
-166 187
-164 186
-163 187
-162 188
-160 189
-159 189
-158 190
-156 191
-155 192
-154 192
-153 193
-152 194
-150 195
-149 195
-148 196
-147 197
-145 197
-144 198
-142 199
-142 200
-140 201
-139 201
-138 202
-136 202
-136 204
-134 205
-133 205
-132 206
-131 207
-129 207
-128 208
-127 209
-126 209
-124 210
-124 211
-122 212
-121 212
-119 213
-119 214
-117 214
-116 215
-115 216
-113 217
-112 217
-111 218
-110 219
-109 220
-107 220
-106 221
-105 221
-103 222
-103 224
-101 224
-100 225
-98 225
-97 226
-96 227
-113 270
-113 274
-92 227
-94 238
-108 277
-165 431
-163 432
-160 433
-158 434
-155 435
-152 433
-149 433
-147 434
-144 435
-142 436
-139 437
-137 438
-134 440
-132 441
-129 442
-127 443
-124 444
-122 445
-119 446
-117 448
-115 449
-112 450
-110 451
-107 453
-105 454
-102 455
-99 453
-92 435
-87 423
-85 425
-82 426
-80 427
-78 432
-76 433
-74 435
-71 437
-69 437
-66 437
-63 433
-60 425
-56 418
-53 412
-49 405
-46 398
-43 393
-40 387
-38 381
-35 376
-32 370
-30 366
-27 366
-25 362
-22 356
-20 353
-18 354
-16 354
-14 355
-12 356
-10 357
-8 358
-6 359
-4 360
-2 361
0 362
1 363
4 364
6 365
8 366
10 367
12 368
14 369
17 370
19 371
21 372
23 373
26 374
28 375
30 376
32 378
36 391
39 395
41 397
44 398
46 399
49 400
51 401
54 402
56 402
59 405
61 406
64 407
67 409
69 410
72 411
75 412
77 413
80 414
83 416
85 417
88 418
91 420
94 422
97 423
100 425
103 427
106 428
109 429
112 431
115 432
118 434
121 435
125 437
128 438
131 440
134 441
138 443
141 445
144 446
148 448
151 450
155 451
158 453
162 454
166 456
169 458
173 460
177 462
181 464
184 465
188 468
192 469
196 471
200 473
204 475
208 477
213 479
217 481
221 483
226 485
230 487
234 489
239 492
